   -1.6938829680899369911628582485718652606022881698343398812685
   -2.3605496347566035097997882985509932041185555470378075009547
   -2.3605496347566035097997882985509932041185555470378075009547
   -2.3605496347566035097997882985509932041185555470378075009547
   -2.3605496347566035097997882985509932041185555470378075009547
   -3.0272163014232704725259281985927373170874901605694001209672
   -3.0272163014232704725259281985927373170874901605694001209672
   -3.0272163014232704725259281985927373170874901605694001209672
   -5.0272163014232704725259281985927373170889595285079279803522
   -5.6938829680899374352520680986344814300578941420395206003647
   -5.6938829680899374352520680986344814300578941420395206003647
   -5.6938829680899374352520680986344814300578941420395206003647
   -5.6938829680899374352520680986344814300578941420395206003647
   -6.3605496347566035097997882985509932041214942829148632197246
   -6.3605496347566035097997882985509932041214942829148632197246
   -6.3605496347566035097997882985509932041214942829148632197246
   -3.3605496347566039538889981486136093735719574673351964309735
   -3.6938829680899369911628582485718652606037575377728677406535
   -3.6938829680899369911628582485718652606037575377728677406535
   -3.6938829680899369911628582485718652606037575377728677406535
   -3.6938829680899369911628582485718652606037575377728677406535
   -4.3605496347566035097997882985509932041200249149763353603397
   -4.3605496347566035097997882985509932041200249149763353603397
   -4.3605496347566035097997882985509932041200249149763353603397
   -3.6938829680899369911628582485718652606037575377728677406535
   -4.3605496347566035097997882985509932041200249149763353603397
   -4.3605496347566035097997882985509932041200249149763353603397
   -4.3605496347566035097997882985509932041200249149763353603397
   -4.3605496347566035097997882985509932041200249149763353603397
   -5.0272163014232704725259281985927373170889595285079279803522
   -5.0272163014232704725259281985927373170889595285079279803522
   -5.0272163014232704725259281985927373170889595285079279803522
