   -5.1712103998732512621927526197396218776740872913199777933048
   -4.5045437332065851876450324198231101036104871504446351739449
   -5.1712103998732512621927526197396218776740872913199777933048
   -4.5045437332065851876450324198231101036104871504446351739449
   -5.1712103998732512621927526197396218776740872913199777933048
   -4.5045437332065851876450324198231101036104871504446351739449
   -5.1712103998732512621927526197396218776740872913199777933048
   -4.5045437332065851876450324198231101036104871504446351739449
   -4.5045437332065851876450324198231101036104871504446351739449
   -4.5045437332065851876450324198231101036104871504446351739449
   -4.5045437332065851876450324198231101036104871504446351739449
   -4.5045437332065851876450324198231101036104871504446351739449
   -4.5045437332065851876450324198231101036104871504446351739449
   -4.5045437332065851876450324198231101036104871504446351739449
   -4.5045437332065851876450324198231101036104871504446351739449
   -4.5045437332065851876450324198231101036104871504446351739449
  -17.8378770665399173367404728196561336517465036398264875689746
  -17.1712103998732494858359132194891571998722345536386449483095
  -17.8378770665399173367404728196561336517465036398264875689746
  -17.1712103998732494858359132194891571998722345536386449483095
  -17.8378770665399173367404728196561336517465036398264875689746
  -17.1712103998732494858359132194891571998722345536386449483095
  -17.8378770665399173367404728196561336517465036398264875689746
  -17.1712103998732494858359132194891571998722345536386449483095
  -17.8378770665399173367404728196561336517465036398264875689746
  -17.1712103998732494858359132194891571998722345536386449483095
  -17.8378770665399173367404728196561336517465036398264875689746
  -17.1712103998732494858359132194891571998722345536386449483095
   -5.1712103998732512621927526197396218776740872913199777933048
   -4.5045437332065851876450324198231101036104871504446351739449
   -5.1712103998732512621927526197396218776740872913199777933048
   -4.5045437332065851876450324198231101036104871504446351739449
   -5.1712103998732512621927526197396218776740872913199777933048
   -4.5045437332065851876450324198231101036104871504446351739449
   -5.1712103998732512621927526197396218776740872913199777933048
   -4.5045437332065851876450324198231101036104871504446351739449
   -4.5045437332065851876450324198231101036104871504446351739449
   -4.5045437332065851876450324198231101036104871504446351739449
   -4.5045437332065851876450324198231101036104871504446351739449
   -4.5045437332065851876450324198231101036104871504446351739449
   -4.5045437332065851876450324198231101036104871504446351739449
   -4.5045437332065851876450324198231101036104871504446351739449
   -4.5045437332065851876450324198231101036104871504446351739449
   -4.5045437332065851876450324198231101036104871504446351739449
  -16.1712103998732530385495920199900865554928377602943810212272
  -15.5045437332065851876450324198231101036185686741065384005622
  -16.1712103998732530385495920199900865554928377602943810212272
  -15.5045437332065851876450324198231101036185686741065384005622
  -16.1712103998732530385495920199900865554928377602943810212272
  -15.5045437332065851876450324198231101036185686741065384005622
  -16.1712103998732530385495920199900865554928377602943810212272
  -15.5045437332065851876450324198231101036185686741065384005622
  -16.1712103998732530385495920199900865554928377602943810212272
  -15.5045437332065851876450324198231101036185686741065384005622
  -16.1712103998732530385495920199900865554928377602943810212272
  -15.5045437332065851876450324198231101036185686741065384005622
   -8.5045437332065851876450324198231101036134258863216908927148
   -8.1712103998732512621927526197396218776762913432277695823823
   -8.5045437332065851876450324198231101036134258863216908927148
   -8.1712103998732512621927526197396218776762913432277695823823
   -8.5045437332065851876450324198231101036134258863216908927148
   -8.1712103998732512621927526197396218776762913432277695823823
   -8.5045437332065851876450324198231101036134258863216908927148
   -8.1712103998732512621927526197396218776762913432277695823823
   -8.1712103998732512621927526197396218776762913432277695823823
   -8.1712103998732512621927526197396218776762913432277695823823
   -8.1712103998732512621927526197396218776762913432277695823823
   -8.1712103998732512621927526197396218776762913432277695823823
   -8.1712103998732512621927526197396218776762913432277695823823
   -8.1712103998732512621927526197396218776762913432277695823823
   -8.1712103998732512621927526197396218776762913432277695823823
   -8.1712103998732512621927526197396218776762913432277695823823
  -19.8378770665399208894541516201570630073693108983900154309696
  -19.1712103998732530385495920199900865554950418122021728103046
  -19.8378770665399208894541516201570630073693108983900154309696
  -19.1712103998732530385495920199900865554950418122021728103046
  -19.8378770665399208894541516201570630073693108983900154309696
  -19.1712103998732530385495920199900865554950418122021728103046
  -19.8378770665399208894541516201570630073693108983900154309696
  -19.1712103998732530385495920199900865554950418122021728103046
  -19.8378770665399208894541516201570630073693108983900154309696
  -19.1712103998732530385495920199900865554950418122021728103046
  -19.8378770665399208894541516201570630073693108983900154309696
  -19.1712103998732530385495920199900865554950418122021728103046
   -8.5045437332065851876450324198231101036134258863216908927148
   -7.8378770665399182249188925197813659906444912727900982727023
   -8.5045437332065851876450324198231101036134258863216908927148
   -7.8378770665399182249188925197813659906444912727900982727023
   -8.5045437332065851876450324198231101036134258863216908927148
   -7.8378770665399182249188925197813659906444912727900982727023
   -8.5045437332065851876450324198231101036134258863216908927148
   -7.8378770665399182249188925197813659906444912727900982727023
   -7.8378770665399182249188925197813659906444912727900982727023
   -7.8378770665399182249188925197813659906444912727900982727023
   -7.8378770665399182249188925197813659906444912727900982727023
   -7.8378770665399182249188925197813659906444912727900982727023
   -7.8378770665399182249188925197813659906444912727900982727023
   -7.8378770665399182249188925197813659906444912727900982727023
   -7.8378770665399182249188925197813659906444912727900982727023
   -7.8378770665399182249188925197813659906444912727900982727023
  -19.5045437332065851876450324198231101036215074099835941193321
  -18.8378770665399173367404728196561336517472383237957514986670
  -19.5045437332065851876450324198231101036215074099835941193321
  -18.8378770665399173367404728196561336517472383237957514986670
  -19.5045437332065851876450324198231101036215074099835941193321
  -18.8378770665399173367404728196561336517472383237957514986670
  -19.5045437332065851876450324198231101036215074099835941193321
  -18.8378770665399173367404728196561336517472383237957514986670
  -19.5045437332065851876450324198231101036215074099835941193321
  -18.8378770665399173367404728196561336517472383237957514986670
  -19.5045437332065851876450324198231101036215074099835941193321
  -18.8378770665399173367404728196561336517472383237957514986670
  -13.8378770665399173367404728196561336517435649039494318502046
  -10.5045437332065851876450324198231101036148952542602187520997
  -13.8378770665399173367404728196561336517435649039494318502046
  -10.5045437332065851876450324198231101036148952542602187520997
  -13.8378770665399173367404728196561336517435649039494318502046
  -12.5045437332065851876450324198231101036163646221987466114847
  -13.8378770665399173367404728196561336517435649039494318502046
  -12.5045437332065851876450324198231101036163646221987466114847
  -10.5045437332065851876450324198231101036148952542602187520997
  -11.8378770665399173367404728196561336517420955360109039908197
  -10.5045437332065851876450324198231101036148952542602187520997
  -11.8378770665399173367404728196561336517420955360109039908197
  -12.5045437332065851876450324198231101036163646221987466114847
  -11.8378770665399173367404728196561336517420955360109039908197
  -12.5045437332065851876450324198231101036163646221987466114847
  -11.8378770665399173367404728196561336517420955360109039908197
  -23.8378770665399173367404728196561336517509117436420711471294
  -20.5045437332065851876450324198231101036222420939528580490246
  -40.5045437332065816349313536193221807480155978827131366402640
  -38.5045437332065887403587112203240394592568042960246087860993
  -40.5045437332065816349313536193221807480155978827131366402640
  -39.1712103998732530385495920199900865555097354915874514041542
  -39.1712103998732530385495920199900865555097354915874514041542
  -38.5045437332065887403587112203240394592568042960246087860993
  -20.5045437332065851876450324198231101036222420939528580490246
  -21.8378770665399173367404728196561336517494423757035432877445
  -20.5045437332065851876450324198231101036222420939528580490246
  -22.5045437332065851876450324198231101036237114618913859084095
