0.000000000000000000000000000000e+00
7.785320989487320012450771375412e-02
0.000000000000000000000000000000e+00
1.110019258609020737565086477117e-01
0.000000000000000000000000000000e+00
7.104508816478471753494980736598e-02
2.919495371058742339530085035948e-01
4.931682650984937675911479182389e-01
2.606267330848814809361735367332e-01
4.836944105842251837327691599278e-01
3.125983879259255039586174601540e-01
5.185920932294058633576540329191e-01
1.000000000000000000000000000000e+00
1.000000000000000000000000000000e+00
1.000000000000000000000000000000e+00
