1.000000000000000000000000000000e+00
1.000000000000000000000000000000e+00
1.000000000000000000000000000000e+00
1.000000000000000000000000000000e+00
1.000000000000000000000000000000e+00
1.000000000000000000000000000000e+00
7.080504628941257659114662248445e-01
5.068317349015062324088520817611e-01
7.393732669151185188469860287697e-01
5.163055894157748162672308400722e-01
6.874016120740744960142774855338e-01
4.814079067705941365610308041445e-01
5.068317349015062324088520817611e-01
5.163055894157748162672308400722e-01
4.814079067705941365610308041445e-01
